strategic_region={
	id=125
	name="STRATEGICREGION_125" #Centro Leste
	provinces={ 1524 1529 1583 1598 2150 2164 2175 2178 2181 2185 2190 2195 2227 2228 4533 4548 4587 4617 5107 5112 5153 5156 5168 5174 5178 5182 5186 5194 5204 5218 5223 7476 7553 7561 7589 8129 8143 8148 8177 8179 8181 8184 8189 8190 8196 8197 8203 8210 8224 8239 8242 10345 10360 10405 10419 10432 10513 10926 10931 10933 10939 10945 10946 10947 10959 10967 10980 10994 10998 11002 11003 11008 12334 12422 12438 12466 12479 12903 12909 12913 12923 12933 12937 12938 12947 12961 12972 12977 12996 15067 15075 15077 15080 15081 15084 15085 15088 15092 15093 15096 15099 15100 15102 15103 15104 15106 15107 15108 15110 15112 15113 15115 15117 15118 15119 15121 15122 15124 15126 15127 15129 15130 15131 15132 15133 15134 15135 15136 15138 15139 15140 15141 15142 15143 15147 15148 15149 15150 15152 15153 15156 15157 15158 15159 15160 15161 15162 15163 15166 15167 15169 15170 15171 15172 15173 15174 15175 15176 15177 15178 15179 15180 15181 15182 15183 15184 15185 15186 15187 15188 15189 15190 15191 15192 15193 15194 15195 15196 15197 15198 15199 15200 15202 15203 15204 15205 15207 15208 15209 15210 15211 15212 15213 15214 15215 15216 15217 15218 15219 15220 15221 15222 15223 15224 15226 15227 15228 15229 15230 15231 15232 15233 15234 15235 15236 15237 15238 15239 15240 15241 15242 15244 15247 15248 15249 15250 15251 15252 15254 15255 15256 15257 15258 15259 15260 15261 15263 15264 15266 15267 15268 15269 15270 15271 15273 15274 15275 15276 15277 15278 15279 15280 15281 15283 15284 15288 15289 15290 15291 15293 15294 15295 15296 15297 15299 15302 15303 15304 15305 15306 15307 15308 15310 15311 15312 15313 15314 15315 15317 15318 15320 15321 15322 15323 15325 15327 15328 15329 15330 15334 15335 15336 15337 15338 15340 15344 15345 15348 15353 15354 15361 15362 15363 15370 15374 15378 15387 15388 15391 15392 15397 15403 15409 15424 15428 15430 15431 15432 15433 15435 15437 15438 15446 15453 15457 15458 15460 15462 15463 15466 15467 15470 15471 15472 15474 15478 15479 15480 15482 15486 15487 15489 15495 15498 15507 15509 15510 15512 15515 15518 15521 15524 15526 15534 15536 15538 15539 15540 15541 15542 15545 15547 15549 15550 15551 15553 15557 15564 15565 15566 15567 15570 15571 15575 15576 15580 15581 15582 15585 15586 15591 15592 15593 15596 15597 15599 15600 15603 15604 15605 15607 15608 15610 15612 15613 15614 15615 15616 15618 15621 15624 15625 15628 15629 15630 15636 15638 15639 15641 15647 15648 15649 15650 15652 15653 15655 15656 15657 15660 15661 15662 15663 15664 15665 15666 15667 15670 15672 15673 15675 15677 15679 15681 15682 15683 15684 15686 15687 15688 15691 15694 15695 15696 15699 15701 15705 15712 15714 15717 15849 2204 5148 15359 15385 15393 15398 15429 15440 15445 15452 15464 15469 2147 8175 15477 15484 15508 15411 15413 15416 15417 15423 2142 11010 15364 15372 15414 15418 15419 15420 15421 15426 15427 15439 15443 15410 15412 15415 15422 15434 15442 5115 8140 15333 15341 15349 15351 15352 15360 15366 15373 15377 15381 15382 15386 15390 15394 15399 15400 15402 15405 15408 5200 8226 8227 8233 12951 14582 15206 15253 15262 15282 15286 15287 15292 15298 15301 10984 12987 15164 15201 15243 15245 15246 2168 15455 15465 15488 15496 15497 15514 15517 15522 15523 15528 15529 15548 15552 15584 15590 15602 15606 }
	weather={
		period={
			between={ 0.0 30.0 }
			temperature={ 20.0 30.0 }
			no_phenomenon=0.500
			rain_light=0.250
			rain_heavy=0.100
			snow=0.000
			blizzard=0.000
			arctic_water=0.000
			mud=1.000
			sandstorm=0.000
			min_snow_level=0.000
		}
		period={
			between={ 0.1 27.1 }
			temperature={ 20.0 30.0 }
			no_phenomenon=0.500
			rain_light=0.250
			rain_heavy=0.100
			snow=0.000
			blizzard=0.000
			arctic_water=0.000
			mud=1.000
			sandstorm=0.000
			min_snow_level=0.000
		}
		period={
			between={ 0.2 30.2 }
			temperature={ 20.0 30.0 }
			no_phenomenon=0.500
			rain_light=0.250
			rain_heavy=0.100
			snow=0.000
			blizzard=0.000
			arctic_water=0.000
			mud=1.000
			sandstorm=0.000
			min_snow_level=0.000
		}
		period={
			between={ 0.3 29.3 }
			temperature={ 12.0 23.0 }
			no_phenomenon=0.500
			rain_light=0.250
			rain_heavy=0.100
			snow=0.000
			blizzard=0.000
			arctic_water=0.000
			mud=1.000
			sandstorm=0.000
			min_snow_level=0.000
		}
		period={
			between={ 0.4 30.4 }
			temperature={ 12.0 23.0 }
			no_phenomenon=0.500
			rain_light=0.250
			rain_heavy=0.100
			snow=0.000
			blizzard=0.000
			arctic_water=0.000
			mud=1.000
			sandstorm=0.000
			min_snow_level=0.000
		}
		period={
			between={ 0.5 29.5 }
			temperature={ 10.0 20.0 }
			no_phenomenon=0.500
			rain_light=0.250
			rain_heavy=0.100
			snow=0.000
			blizzard=0.000
			arctic_water=0.000
			mud=1.000
			sandstorm=0.000
			min_snow_level=0.000
		}
		period={
			between={ 0.6 30.6 }
			temperature={ 10.0 20.0 }
			no_phenomenon=0.500
			rain_light=0.250
			rain_heavy=0.100
			snow=0.000
			blizzard=0.000
			arctic_water=0.000
			mud=1.000
			sandstorm=0.000
			min_snow_level=0.000
		}
		period={
			between={ 0.7 30.7 }
			temperature={ 10.0 20.0 }
			no_phenomenon=0.500
			rain_light=0.250
			rain_heavy=0.100
			snow=0.000
			blizzard=0.000
			arctic_water=0.000
			mud=1.000
			sandstorm=0.000
			min_snow_level=0.000
		}
		period={
			between={ 0.8 29.8 }
			temperature={ 13.0 22.0 }
			no_phenomenon=0.500
			rain_light=0.250
			rain_heavy=0.100
			snow=0.000
			blizzard=0.000
			arctic_water=0.000
			mud=1.000
			sandstorm=0.000
			min_snow_level=0.000
		}
		period={
			between={ 0.9 30.9 }
			temperature={ 13.0 22.0 }
			no_phenomenon=0.500
			rain_light=0.250
			rain_heavy=0.100
			snow=0.000
			blizzard=0.000
			arctic_water=0.000
			mud=1.000
			sandstorm=0.000
			min_snow_level=0.000
		}
		period={
			between={ 0.10 29.10 }
			temperature={ 18.0 27.0 }
			no_phenomenon=0.500
			rain_light=0.250
			rain_heavy=0.100
			snow=0.000
			blizzard=0.000
			arctic_water=0.000
			mud=1.000
			sandstorm=0.000
			min_snow_level=0.000
		}
		period={
			between={ 0.11 30.11 }
			temperature={ 20.0 30.0 }
			no_phenomenon=0.500
			rain_light=0.250
			rain_heavy=0.100
			snow=0.000
			blizzard=0.000
			arctic_water=0.000
			mud=1.000
			sandstorm=0.000
			min_snow_level=0.000
		}
	}
}
